10000.0000    39.9264    39.7771    39.3902
2010000.0000    40.0469    39.8988    39.5079
4010000.0000    39.8715    39.8349    38.7793
6010000.0000    39.2358    39.2171    37.8616
8010000.0000    38.8188    38.8056    37.2967
10010000.0000    38.5476    38.5401    36.7827
12010000.0000    38.3211    38.3173    36.2625
14010000.0000    38.1294    38.1272    35.8203
16010000.0000    37.9708    37.9695    35.4373
18010000.0000    37.8378    37.8370    35.1221
20010000.0000    37.7215    37.7209    34.8519
22010000.0000    37.6163    37.6159    34.6136
24010000.0000    37.5209    37.5205    34.4132
26010000.0000    37.4344    37.4341    34.2238
28010000.0000    37.3558    37.3556    34.0672
30010000.0000    37.2831    37.2829    33.9111
32010000.0000    37.2160    37.2159    33.7730
34010000.0000    37.1535    37.1534    33.6438
36010000.0000    37.0950    37.0949    33.5170
38010000.0000    37.0420    37.0419    33.4099
40010000.0000    36.9914    36.9913    33.3038
42010000.0000    36.9446    36.9445    33.2001
44010000.0000    36.9008    36.9007    33.1059
46010000.0000    36.8601    36.8600    33.0205
48010000.0000    36.8212    36.8211    32.9314
50010000.0000    36.7844    36.7844    32.8446
52010000.0000    36.7496    36.7496    32.7670
54010000.0000    36.7153    36.7153    32.6891
56010000.0000    36.6796    36.6796    32.6121
58010000.0000    36.6453    36.6452    32.5375
60010000.0000    36.6118    36.6117    32.4636
62010000.0000    36.5796    36.5796    32.3988
64010000.0000    36.5483    36.5483    32.3396
66010000.0000    36.5178    36.5178    32.2747
68010000.0000    36.4885    36.4884    32.2131
70010000.0000    36.4591    36.4591    32.1519
72010000.0000    36.4305    36.4305    32.0877
74010000.0000    36.4053    36.4053    32.0399
76010000.0000    36.3790    36.3790    31.9858
78010000.0000    36.3543    36.3543    31.9371
80010000.0000    36.3297    36.3297    31.8846
82010000.0000    36.3061    36.3061    31.8339
84010000.0000    36.2816    36.2816    31.7813
86010000.0000    36.2606    36.2606    31.7319
88010000.0000    36.2375    36.2375    31.6819
90010000.0000    36.2176    36.2175    31.6389
92010000.0000    36.1963    36.1963    31.5930
94010000.0000    36.1763    36.1763    31.5494
96010000.0000    36.1557    36.1557    31.5094
98010000.0000    36.1364    36.1364    31.4661
